MNB: 0.7695225
CNB: 0.76949
BNB: 0.770225
SVM: 0.7974775
CNN: 0.8163875
RNN: 0.81634
